0.9031521277109835 1.0854861998778065
0.4478458577304104 0.24887200306477375
1.6367631554643345 0.29293352551949425
0.11227477500670024 1.939162697201853
1.7567536034052351 1.5330628359845822
1.6144894535144474 0.07975205219629977
1.022367374101853 0.9543575251840528
0.1486844577249058 0.10171207742173816
1.5331602305083019 0.18843386270345192
0.123314532257297 1.5833126732145058
1.9404767149327555 1.9626581920273196
1.8916352353429684 0.35426430168275
1.089820147105813 1.052792500523886
0.12256165734751279 0.37426919934057507
1.944597903456969 0.3288038742923005
0.041530685214191676 1.9731360254956993
1.6633262882616622 1.7308292839958617
0.6898049798230415 1.5779509279195716
1.0055227476477557 1.1602191675971696
0.4221665654342517 0.03016241721461388
1.569678662513922 0.4708873487251741
0.3380899199329063 1.5034529024540584
1.564800605280511 1.5358111265894765
1.846765075051866 0.21935084274944816
1.1128588349540007 0.9306522189142769
0.35900167960310675 0.1798525957407347
1.904304735646643 0.38141816272622375
0.4769542595945538 1.6216569067609679
1.9504093008069745 1.5459079251866918
1.0557267711777554 1.8947245318138963
0.8119214794083297 0.8635413327356196
0.4230655074049341 0.06619905479298793
1.5313928565878938 0.4580489708421121
0.23763376771977712 1.9947498595599147
1.720320805594921 1.7761803870474604
0.47731606292260764 0.3921709340364594
1.0387115812931929 0.9924970477128159
0.38221949510980346 0.4083083285122979
1.759042952332806 0.48028609351843327
0.23790221004462458 1.5780187285778202
1.6747993489879824 1.6093367371834493
0.5625894915436493 0.13391707730758196
0.8907019718424808 0.838708192872894
0.3852592943074179 0.11800301318827855
1.7912887462405074 0.19093787556528985
0.2749299225001911 1.7652103124941667
1.5109304818292413 1.6003995186916933
0.9261464831206505 1.1458124697148449
0.9921633035108055 0.8293804574572765
0.41663692069101177 0.16544577574023406
1.897296178966215 0.24120336273570597
0.2678383803181962 1.8278909741249343
1.9974971906835497 1.5528648660494286
1.3290918168872017 0.7768858813825135
1.0430382660484325 0.8725412970247479
0.396580482642901 0.42953553182722026
1.998489072006833 0.4119226545885917
0.1711072909663598 1.6763857558107933
1.659107138545653 1.7490904831450733
0.7398040779699968 0.7731523390780584
1.1830413954723913 0.9080720629149521
0.0880343531394075 0.2246499761629449
1.7185698133293494 0.4497797517317638
0.23656522857804974 1.5962734950051178
1.8167848187495401 1.659543028221492
1.0361710696370172 1.8586852052112472
1.1280524167149981 1.0208437195834432
0.2613931687061826 0.34814049868674457
1.7387657556951832 0.3303935347219964
0.43187120691076886 1.5328712221698475
1.5202305222681458 1.9443052214996972
0.19615318376403668 0.7132965056349898
1.0987614511134083 1.1053483566259723
0.2794291526324557 0.44269270449799214
1.7698708195490487 0.28025153549823706
0.1754448643193886 1.7114734631070305
1.766811590044096 1.5958874053072836
1.7942424266262729 0.1599970742680934
1.1619153972056804 0.9122341704109456
0.398112560784118 0.2142477215550851
1.5937645391063353 0.4563362379849651
0.3217289853089214 1.8933189661939642
1.9340893636368661 1.6549079704427612
1.279584878472521 0.4867358519403697
1.142405135624974 0.9856671788533761
0.1342013476319066 0.0896365260948766
1.940079501655787 0.2960627980213264
0.026468918010847442 1.8763393904437515
1.5562988557105342 1.5596014276686743
0.8572394525484632 0.125746361730934
0.9398239175919376 1.116458749279548
0.027526562535386323 0.2384114403783576
1.9485511371643522 0.21079176436196084
0.23936893129610948 1.955701481319763
1.9506861924722911 1.8663826052940382
1.8272477762700268 1.400155360826635
0.8960179245612444 1.0894134794234869
0.02482591260508954 0.020566289704796736
1.6243223175719468 0.0036998521981091437
0.11103667267351397 1.961986622672729
1.7469723016805132 1.8018397775245014
1.9568942085246983 1.7213384695223872
1.0105407604792562 1.0943676118059913
0.03277872785413699 0.3559183280723186
1.522088231768298 0.14718651549749584
0.06255241672919853 1.6945580364878863
1.5924495883800953 1.876549375146942
1.8697367238316571 0.4818341217449702
1.0888138902839009 0.9989039045883892
0.4305712517480854 0.2418823774589285
1.8954555189804083 0.35626320214766005
0.14930079907407767 1.564248676611398
1.6963314933448208 1.6079989963223926
0.5306940901454671 0.9374562202548136
0.9331861098295634 1.1467442923524347
0.4968720387896927 0.17419957176835804
1.720252880405939 0.2425172614271336
0.15587822165453902 1.5529593386105585
1.9399633356983617 1.7636755089265383
1.6896768396062394 0.6085737179784634
0.8499753901818388 0.849337624323133
0.2925230543669246 0.04989006281173547
1.8447685475706557 0.22826148761480103
0.08594018708247603 1.688088764123074
1.5143659041349493 1.9460190904426784
0.6169527058119664 1.1543537728871311
0.8459673196713121 1.0791749599810392
0.04855269173623039 0.2532811589388506
1.5360034311454376 0.34237514137913405
0.35977851122911925 1.6169245784409294
1.9533217299340044 1.7984639048196127
1.621640970576639 1.2850923493246371
1.1257348450222362 1.0518809838534169
0.03929292785418237 0.044419396123689336
1.8790168948826227 0.008111688114167515
0.10321898762744497 1.5502058764126896
1.5088269554904232 1.6161804939071485
1.6904327395014487 0.07658553136360635
0.8765346545251878 0.8001453141924975
0.2724334440474564 0.08450696409621117
1.8463055664749084 0.46879312251207267
0.40410602167039483 1.8250251714851518
1.566220538017664 1.6964044526706739
0.11683727756054707 1.0368222311091382
0.8404263098792526 1.096073439529858
0.10177132036911696 0.4452100617721669
1.8858936654445704 0.0798300004353743
0.3271915999442136 1.6150698567886659
1.7186651579652392 1.8613807560786264
0.21195806407820705 1.449106592443882
1.0236505527448931 0.9695524352782998
0.06421589628000285 0.25776884619245505
1.5804267799473832 0.3249014019210551
0.3146714942310722 1.890909708626483
1.7148929228538834 1.7319722055242865
1.0960050384625193 0.8770479966568712
0.8811942793162756 1.1987422764178637
0.360283897014853 0.2637953545187119
1.8050492337755457 0.09039776028922542
0.35791262541549174 1.6046197875017119
1.760242137993416 1.521875383804629
1.1654524681293652 1.2656830745234409
1.0398598224114408 1.1148192513135757
0.4368709157685627 0.43247826673193296
1.8592085094949982 0.4553749857880535
0.006091098412344287 1.7414843871241774
1.588999651956598 1.8611569089294235
0.11395581266430566 0.8093232417510101
1.0860471938296188 1.0666135885808434
0.09251095985185148 0.008619961165298062
1.7667683504327152 0.02428682544104127
0.37951141466657284 1.8468601224421257
1.8359265096818485 1.9434670979576707
1.3558426945807611 0.6805494249967348
1.1448483299211059 1.1317989396005383
0.4086367592757157 0.35251369460339516
1.829925585272529 0.14665791983311433
0.3793029094888887 1.8984833658759306
1.5165831204388733 1.6238081749667477
1.3591978026445015 1.8261029233050123
1.1149431518144675 0.9398071058525052
0.115529079266459 0.22612560954610383
1.5854140690476666 0.2316287054293712
0.23099044900782706 1.9535888056247244
1.879683238314731 1.973128026957735
0.74126331798487 0.3342504966192068
0.8991776832926698 0.987656993134715
0.22869418610114028 0.27037820706121624
1.546342063157178 0.27594845337073826
0.36711205862454616 1.856163393837749
1.520194392662927 1.7222807239328328
0.012080541113401955 0.36452927231870724
0.9835954102900313 0.983402291451563
0.4403345009567457 0.3055392299092419
1.5197480395217795 0.18151188874377666
0.4436070152473446 1.9424919152763902
1.9392657864885743 1.501039056251279
0.573000816009346 1.3046052967053432
0.8680833362236541 1.142918237121431
0.3213779368539373 0.27080169069767696
1.8685730905888764 0.4429296074028922
0.4961237361359891 1.6328570027531015
1.7063027592917583 1.7978640141698496
0.9848976056436392 0.6803080839774007
1.1396850683761062 1.1942631780055482
0.3822075817361021 0.10009782857069577
1.8372361630704412 0.3368917680439528
0.37569744849461656 1.5438391740381958
1.5196204176158878 1.633030889859909
1.6166142875123208 0.3937306317526601
1.0050237490316265 1.1098664158461413
0.4547839400532776 0.10902203320968223
1.9823619764608391 0.34322947748172694
0.15842357305104043 1.7991188105256042
1.7750971146312546 1.551480731403497
1.5673851000300898 1.1006138943312525
0.8611684601335952 0.8903095362102823
0.1952776582293202 0.04244448420161717
1.8444494485841367 0.1725973572488434
0.20080343550562613 1.557014555898006
1.737111973793592 1.702411009445477
0.22767081348297347 1.9620617152415318
0.9846679580044756 0.8644837749969896
0.26463172979451854 0.303979564515491
1.762381973908894 0.4675956411906227
0.4113646746512098 1.910199192859495
1.5627885802235848 1.9801383500442913
0.0010526655864837586 0.6169605636871616
1.0563668325553557 0.9494218764742605
0.4246477171456288 0.05692991622568683
1.6706690473697412 0.4829194879253692
0.12995966436610773 1.7471165725093842
1.7591806853134493 1.9551610236748
0.5555319744603497 1.0203073800554796
1.0150091386317819 1.1291183163676055
0.38924126900793565 0.3516592684099965
1.8291720110392606 0.3357680121525071
0.24882073801285054 1.8955796720617573
1.653523690756622 1.625618375650729
0.5057854917690929 0.7789752844120965
0.8455257131303995 0.8651676244547657
0.29443831218160227 0.1965539127531118
1.7168050859479163 0.25026450371678116
0.37400221993109006 1.896862428534512
1.6290391164690345 1.867488775869984
1.6486302210635249 0.7902772463938903
0.9582916841144259 1.0430658728769173
0.0964836801736686 0.04881504939116532
1.7743159566743953 0.09903464079922863
0.4122645756652777 1.5833045078728518
1.7230175794260725 1.8568874102289221
1.7821540148291302 0.350013501855583
1.0035314861434044 1.1865362062733058
0.07510999565557386 0.05728100419802806
1.8067386278725153 0.4713581365149679
0.4767571337520609 1.7540306249416544
1.7000188831676293 1.6797195425400635
0.7346715963449275 0.4455187101392031
0.8904392028303909 1.0382549639560543
0.40856529036157346 0.04231046036217456
1.6534745257714172 0.4704546734257691
0.43503148855612156 1.6618428056923138
1.901016489990928 1.8327145638855469
0.5128691927389482 0.6855519763287448
1.0434727460453315 0.8088703396137126
0.4984236987506024 0.14746485999568576
1.7031959707406759 0.46248371350188977
0.27496840222819136 1.7396761216637868
1.5291763550349797 1.8555106870546507
0.44920292545462837 1.2427006406145369
1.128671030659706 0.8372214808914569
0.3555042056122271 0.34431023172120984
1.971879497274407 0.06673295113662653
0.23812687377219222 1.507215444526946
1.5646990489336257 1.915979492344443
1.8868209540645011 0.29529796658592655
0.8207338248675907 1.0831811443009722
0.413398429050461 0.015115582224639157
1.7752649707126653 0.29023924092872755
0.36582492269115197 1.9073527018788528
1.7047667651797553 1.8003742686933712
0.28598064187966776 1.7546819656181774
1.0569947005895097 0.9905610757475269
0.1131589370117762 0.17855709322514007
1.5118993080769036 0.3707306203956358
0.2209372233587767 1.9281213821717271
1.6001255467344353 1.936155557766673
1.6691368596629734 1.5499513306126214
0.8373080769167066 0.8110345563187574
0.001625655915762192 0.060744526287220935
1.729662418170931 0.09929758453843363
0.08794562018176455 1.7685767349999382
1.7071960930425512 1.7984917813419719
1.0425790230195178 1.4162021965836744
0.9792619148382286 0.8710464494893196
0.4066684164114552 0.14796803169864636
1.977285677229438 0.14859604679675215
0.41520430574228634 1.5067975021154378
1.7938447995072033 1.821452366307347
0.8406990964186751 0.9935578668924405
1.126018404148661 1.0921964830300286
0.4952997784617202 0.08852075912358781
1.9428621382109714 0.23365428132440336
0.1466822854085384 1.7247667533931317
1.5280601695733007 1.7518055555964929
1.5346749298559477 0.09313152040900396
0.9294754470186916 0.9415973026600178
0.18516274160524193 0.33878465106366495
1.553710454453587 0.2805005043499035
0.3956214514058875 1.8383465410546638
1.6417677692254544 1.747102086716767
0.33055661837869743 1.2223905280440728
1.094332453468024 1.0922243415109825
0.4663240057064701 0.27347378883790757
1.556193007231542 0.17284719135508292
0.13959934821755954 1.9708932820552203
1.896880247227364 1.9303711587338692
1.3524470767981274 1.886217972739539
0.8690345821640508 0.8142902425813511
0.19860404479582977 0.10151178148601114
1.6102021273052587 0.08896300267995239
0.26541166354251733 1.5962673918933357
1.9874174579066257 1.5712739710572552
1.864670688611872 0.791296904506777
0.807460109421963 1.0971922359685506
0.37985106972847865 0.34747667248668346
1.6210162575682963 0.4296325206319414
0.36299002883268683 1.861073235686154
1.5901444802988696 1.5679551288699718
1.932527030769366 1.8802691851378355
0.8006064535909889 1.1175962524793925
0.23261687259115804 0.3738787843219177
1.8910914157419885 0.3737485418936486
0.16024668767646527 1.9769221385722529
1.5266643471156938 1.9551014557661905
1.4544305626467247 1.1084498336827746
1.0904206449888978 0.9227375979458904
0.23061810512725633 0.43174414708365827
1.7060916376927011 0.18060144978765585
0.40528827373474785 1.8513432441573328
1.9222647257196328 1.7618624634451283
0.7189390864478122 1.049706206023817
1.0283109768112813 0.8890332102189933
0.3821674750869704 0.03605798650870651
1.6730751686448206 0.487324250644871
0.3388666529445024 1.7006743224967062
1.8410568944306769 1.688306103949137
0.5483775519108067 1.7794385338372858
1.1287671509516632 1.0446164707802668
0.20543514915351618 0.06857995390122756
1.5042415503258715 0.026221895866646083
0.15823583275701064 1.759846313942905
1.6430579943582355 1.7609781722811002
1.6864675429308558 1.0314269623241679
0.8939066053557444 1.1104209458202279
0.36995126189248345 0.41337456814774826
1.9870081661382009 0.4098577604829744
0.05375937059896624 1.8724326218180056
1.7468562427472745 1.8669029273210682
0.37057422292825337 0.3616386827864999
1.1476556870212158 1.1179551875119604
0.44018646541783124 0.13010780368241986
1.6004227248132943 0.40178960846719525
0.0016637687816261626 1.7096662274933272
1.5913618847164916 1.8510074308335591
1.999887619764727 0.9759164891854906
0.8186646951483741 1.102926316499414
0.040347953039793716 0.16674219163760606
1.6290319789285244 0.4077422384869277
0.020258958303137564 1.6293345066669653
1.8718848217031914 1.69447132260254
1.4690567471805362 0.989797782691779
1.0489466053275074 1.0523857399376595
0.06470437278664287 0.40672040988840324
1.6883146764952497 0.28577312376200376
0.042747901900638374 1.7445439949861137
1.579393541399429 1.6708984315424882
1.0824985823125186 1.187542314253903
0.9806197768005076 0.999085850992959
0.2848037683157835 0.4360589680517102
1.8106504624277266 0.48463230088489834
0.42742295401241215 1.628304085122763
1.9972978443625033 1.8034761049094614
0.997807976951125 0.8337740372752913
1.1860256891191228 1.1102525313825553
0.3538745178790607 0.30298085505635136
1.6475344907924432 0.4770368782592493
0.41559751295387026 1.7327107567077364
1.6074612430133042 1.919432643993198
0.8673958359427629 0.7649712149047949
0.8568833347081843 0.8089934031635742
0.27949984395573674 0.22679789638155828
1.9223610108055342 0.458975412201194
0.05904736076889738 1.5512186769381937
1.8263874566717102 1.6181229213720907
0.7556881742742572 1.8493661705601405
1.1560324350987843 1.1950778734694778
0.4283324702136927 0.19371075837082213
1.518587069257662 0.33742684563351794
0.27203658851515394 1.799071551084443
1.6336382624506207 1.535966518460448
0.5049198884595392 0.9526460180474878
1.1607085204725278 1.0978403577064153
0.041166611392905395 0.15502633781217412
1.510451286572499 0.12702292184970115
0.21817908795144936 1.9304183484311868
1.9675286434106694 1.9052325088954531
1.5057614898491736 1.7831712958630948
0.989183113295622 1.1974737555465198
0.07311051508901012 0.117999602655739
1.5376604535440639 0.021203151225582806
0.21943721908656716 1.650974223681373
1.7480082346018273 1.5643093398230696
1.299719640610822 0.4142595400570237
1.00299341442748 1.191995908420961
0.43190309976053076 0.291088731431336
1.6915704055511158 0.09530522723173213
0.2734850030660731 1.7222928300796085
1.5433763538521241 1.7846180681209391
1.598455342557436 0.8924088154859509
0.8148760252885108 1.1656874348061135
0.3675944822682944 0.113869528702646
1.518375442772007 0.3378039269575549
0.08646419042827497 1.787797985319996
1.7260913801547313 1.5337212999491983
0.15086729314843073 1.1391625036150004
0.8079101882889076 0.9308147939138748
0.36886084841178574 0.4671871247151784
1.8546843487165006 0.49155553935767543
0.27083701864050774 1.6816802625707616
1.9634232227992103 1.5954502510288897
0.4219903643110088 1.3406475939440838
1.1842665142151052 0.967968295290739
0.44514956378376475 0.12133004827458294
1.9925989377058047 0.019424902240577246
0.02259051016879804 1.7095958611056412
1.5610611222698176 1.8160163949566699
0.26846264320068136 0.1926441830405734
0.8123477976105741 0.881360151269583
0.1196517450567206 0.039093661861742734
1.6250246068409573 0.38806628183965547
0.17847278221049778 1.7148120252045473
1.5220273241376243 1.640094030516637
1.703518165176854 0.7303739530445441
1.1289991920843547 0.813943520837997
0.32577486579867754 0.006557061932349062
1.6474304172121197 0.289898952643394
0.06224289099685676 1.8650255794933348
1.6993602250003852 1.5427544203396577
0.4401639541229705 1.0210223615737997
1.0788556196458687 0.8332288814945082
0.18933896541690737 0.21722962939211338
1.689639758643402 0.3964629904300775
0.45909097300376916 1.513538088676405
1.6090191723843525 1.9519018637101342
0.1844051050463582 1.7333379551696715
1.1357848752422557 0.9021900152590642
0.3901457558754149 0.38493041323037347
1.720470797872159 0.2563601801300607
0.4094368990519985 1.70380297554565
1.829326075927363 1.7915064058704917
0.621083395104808 0.5224802048030328
1.0517755788740568 0.8906670472007737
0.4298706540971219 0.207345310124133
1.7091590964113827 0.01787958376577997
0.2872409185955317 1.89856731377706
1.9449975323042232 1.8584475700805403
1.6930984178245072 0.27961541877045915
1.1165097441725667 0.9611901654672104
0.1884036500055143 0.04566462247399128
1.6404832796597648 0.27017670565693497
0.32376082234277015 1.823912707105237
1.697434305207656 1.875177975609284
0.12048380256485958 0.5945879897042134
1.1862502562562127 1.1791627887225222
0.12781559335527415 0.026034958090980886
1.6653778321586072 0.4575198315144785
0.3553657549336553 1.924456970397136
1.8784232558014775 1.7366852131893151
1.1390132469361633 1.2663235347569877
1.1535643108694476 0.9508588421073776
0.40205240133249615 0.4057668490461196
1.825555231117181 0.02863670695902043
0.1135678970291284 1.828810212749417
1.5517702480218816 1.6933748966992077
1.1587151917461838 1.3694467421407988
0.8797944678551808 1.0837043536364674
0.4512602349743144 0.4813214770604439
1.6192732106272612 0.2375889986166413
0.3368585040059235 1.924085879747203
1.9066206577288398 1.9815174257596446
1.4508776682812545 1.2469270062495226
0.9000794804858632 1.0918292185023384
0.4023208045382797 0.046056729220421644
1.6758708622269114 0.31387190839283474
0.36723618109113765 1.634849639468992
1.9373375208514447 1.7297952687524385
1.0678276662351014 1.847391290158502
1.036117817825431 1.0358905679275119
0.2617264425001635 0.4335450071937465
1.9790609392634473 0.0675803539837388
0.19949048253731794 1.7953456292699663
1.7077956535465753 1.8342575376782628
0.9829731418491405 0.062072625081077915
0.8147574246051641 1.089684876972241
0.4733505007586247 0.006982291205856528
1.9232037123344146 0.3905031338969715
0.1783552699111029 1.5941719557860032
1.6928131328891367 1.9046326659333799
0.9092985726705929 0.14019084390602954
0.8908857322687767 1.167081436158253
0.4219694494345569 0.07678975290531831
1.5029011608921936 0.05590072723697542
0.1875713750115432 1.9577841551217503
1.596180211452214 1.8424698981967202
1.4127078406529978 1.8728897588580038
0.9109847107919952 0.9213256909558565
0.3935687113167119 0.14696646395454166
1.6242385485831536 0.2084919995523658
0.2456996089524751 1.9232875423936315
1.6233585408489417 1.6159747021706339
0.7823118149663622 0.034683730347477626
0.8291064521397262 0.8447762018634404
0.3555152130087853 0.10608369232133069
1.8858636139136489 0.47181959695647796
0.41620039558061667 1.5319360858206235
1.937412330737552 1.8476726811556494
0.6529608793397728 0.5576939914171466
1.199915039201375 0.8506550205356809
0.19360518572313762 0.4910183777525353
1.7098320412181605 0.18268342758394923
0.35384736336938755 1.5525878969907723
1.949095945544662 1.9291812533732435
0.5960259087137643 1.0877842892894454
1.023831548320858 0.8094065167851852
0.23879679206180254 0.2606052071004487
1.9057610753617507 0.3917259871573067
0.14596791313492652 1.9190742052682546
1.6862610058613532 1.5223876799850722
1.802634041770358 0.9330317630151697
0.9072093259450942 0.8407756531707912
0.03411269909917913 0.1223440364554017
1.6273213902618282 0.4455230769121558
0.36530456620254687 1.6370205554046708
1.753859264580075 1.9982268406102768
1.5792691222214064 1.9637994678593602
1.0258573744671056 0.928732071031616
0.3317487684612012 0.3581312245858535
1.72746065341589 0.18867763683581312
0.4314668039100994 1.5841165293256891
1.8338055779841713 1.6030213626778533
1.6588494620592158 1.7600029699665205
0.8431204571721801 0.8298820957849512
0.27185043604283116 0.2946905333111333
1.737990579117187 0.09443432366719023
0.4799936353804996 1.5931617203878372
1.7838291428501694 1.9279915161626997
0.301098866004909 1.2249923599988541
1.1341149641149344 1.0870263774782607
0.07771951567916852 0.06096124260281999
1.590282251949568 0.44922676773148246
0.4619731182446276 1.969423134358003
1.6761787062110003 1.5900616376099883
0.8142300520831995 0.9967999810132411
1.005610277728878 1.0380365814685262
0.4073897786336945 0.06815837160584176
1.7568033513712813 0.08033895010445524
0.14296588804973936 1.6529210466346154
1.570661379316817 1.9114845366144846
1.4756625595955455 0.2863304218237763
0.8764360290541051 0.8262399522262573
0.22856031533547405 0.23855148986948754
1.7280934570568884 0.026506866719012534
0.037655195479437464 1.5922173846649257
1.9419825875308874 1.8120746190312815
1.8627004891988632 0.2583995086024664
1.1961862963072025 1.172016453566111
0.23280174991454228 0.39621614030588864
1.64651251557339 0.008806015146566593
0.10619722068377108 1.5491128238091807
1.978718113131979 1.6009853623322803
0.3247982252660142 1.7453555945135255
0.8303822525336216 1.0563286649029444
0.3757509129780536 0.4170936407638813
1.996710499691721 0.06356476699757335
0.2496707726351554 1.5033657009376824
1.9404874826105711 1.8749858617265531
0.7372462575325895 1.9443453304188092
0.9281456381649558 1.095420245704952
0.12268547035815941 0.21665193084322265
1.503254722689475 0.25031332948596396
0.27532646801059973 1.5731279726027259
1.9010111587476715 1.7970861967200773
1.7718112477805186 0.7981141698894134
0.913825751856514 0.8519345214805589
0.39342080821117364 0.4312726242621761
1.8082143618211557 0.4459225152725142
0.05751141084805761 1.9102504160763076
1.5177222397612105 1.6431303648468036
0.7030682436584395 0.9955595659461782
1.0069137064646392 0.8312201235162949
0.03689715060347393 0.22419592775681957
1.5957403396340575 0.38110581103316016
0.09719571724217807 1.8699413154037374
1.9534669336686288 1.6646205561694216
0.2398661309126966 1.9520836750482242
1.1749678413501727 0.8526065848532516
0.4241257251554207 0.01843758443810123
1.5967916168981469 0.2673533500746566
0.08195361756239794 1.8914699759916802
1.732565892861724 1.523555758531119
1.029570186312959 1.7411195348307515
0.8621651041757818 1.063948081110548
0.42833877307861007 0.12754854071054034
1.845147582207357 0.10113513991934647
0.36905205711766714 1.9606883317081603
1.6421222306511476 1.8094621995756102
0.328429108693286 1.7470341790770108
0.8114839017215478 0.8837493524725584
0.16323845031608003 0.2204206850753792
1.665709254594189 0.01785617782960147
0.05697599218538929 1.7561009609460152
1.789949977129028 1.9500630590004215
0.8646166448746186 0.7959381849417142
1.0114142030823092 1.0087034120270117
0.3741661087294597 0.31854836531398123
1.6578304079043111 0.4005650894212348
0.4752700121670132 1.6080459902385036
1.6028602966305023 1.6751787481529363
1.1412009636717126 0.6947619985698663
0.8484816745385566 1.1154862038943416
0.322813718537437 0.08323793126709811
1.8900329725635094 0.32781280104167343
0.009001851433629027 1.725256188781352
1.8932807614532718 1.5884693051610126
1.3344992481931188 1.4702849827910283
0.9347630459499197 1.0141690354736967
0.37377519539437126 0.006214440849470149
1.6479494623084738 0.37132693339040346
0.18245417523430746 1.7646517822170185
1.6382965931149944 1.843524447353999
1.5389758654499992 0.14863262382742537
0.804960528566811 0.9766253954896447
0.28078623353672866 0.2699064435088784
1.874698181454327 0.2273125720522829
0.3568266509013737 1.7386733793150686
1.803190799044494 1.90957654808069
1.3930481583393375 1.6520855373309131
1.1404938879288262 0.9668240217442776
0.3819267713066502 0.4933972152663626
1.9121355832626978 0.18520922832392978
0.24878128494214086 1.9697955589378668
1.901423540141542 1.9477564575055006
0.0908648218139656 0.3138709169656402
0.9784591925367105 0.9409161168248126
0.04636134350779414 0.32661256950128115
1.7925432320156935 0.004628492044041144
0.2505895957495185 1.8140686822301508
1.5147292894067257 1.9013314355948667
1.443326555564638 1.62293674548217
1.1011940185433486 0.8635399780939729
0.27036803985992075 0.39877239869843845
1.6432950633973453 0.38496644888967385
0.22844119035590582 1.6846183763145075
1.7006237191137135 1.5327589498768992
1.9973207329118512 0.109535776343614
0.8775795219316354 0.8027820054970505
0.29745775258608664 0.4674652579924483
1.7519141365924984 0.37282937287105394
0.09314882037562072 1.5119894918598926
1.5901004037915183 1.816659956537734
1.2553457495925666 0.7687753578830003
0.8401002746518385 0.8197486896253527
0.03631114363404192 0.2519123133059388
1.9956661416803156 0.2599307638671251
0.4770361097167396 1.6810528787667067
1.5256608105400764 1.8209594059702152
1.7584029702530743 0.09311694600801146
0.832073654301372 0.9597197869226164
0.3710615390706448 0.3680688824360353
1.668450215626061 0.27851236078350083
0.3122195262385332 1.6839009443270145
1.8090592198838251 1.9784615011742204
1.2032383808049492 0.6461373641590658
0.8473508052621526 1.080368548315874
0.2011276604866944 0.01416897657739874
1.7382361518123441 0.2026113307343379
0.48879745041341705 1.7247394139475238
1.5192577382684769 1.9680216537923856
0.8607183368668121 0.15869153709285366
1.1101822488414927 0.9185504030812681
0.21235102138216883 0.083150173488716
1.7406600047828231 0.3116401602301543
0.07663438691747193 1.8062402857435862
1.924074414146919 1.7882467837013352
0.34532688431174385 0.3649457534777225
1.1058315373291787 1.10067729288813
0.4676185481371049 0.20310331355126793
1.8586286155926375 0.0677656156539958
0.3214797050953057 1.9171524293011342
1.7438713148605713 1.517299766952275
0.2564764943058859 0.21957712030835164
0.9729110783160851 0.9427102102874216
0.4134516495205424 0.3284733549900624
1.7538968645044357 0.30046740209326694
0.2750856803595978 1.828173860834323
1.932367175040056 1.7099039212303886
1.370525082798009 0.7487639751813795
0.906304912360322 0.8643185181488108
0.3292189506298608 0.42319492508228035
1.9045696010448805 0.18042688239584165
0.489790635217338 1.687171412732356
1.7182728112734524 1.8870373566184486
1.908097323783247 0.5864200144400369
0.9949337316494296 0.8577696964183787
0.09768048907797794 0.49227806421798337
1.5623435568212394 0.3005405131659324
0.20070850582471217 1.585790631292863
1.9019357723829173 1.6250770474806164
0.9345103344570873 0.2334527893733629
0.8315082922915116 0.9056294735171283
0.4494971180166402 0.23056669212856584
1.9750429277266106 0.264372479883093
0.3332172978973047 1.5473307979935798
1.8235437864708837 1.8492966615765842
0.17180704052784312 1.2516552276604829
0.8818076565210038 0.9323672231642756
0.03013949419757661 0.3664743112500072
1.7236153243546892 0.31175534868712357
0.009864333139598391 1.9604670142117913
1.5136750560907353 1.5816419083326014
0.4091036995720079 1.9651679365593615
1.1889096432026534 0.803477677914044
0.2553069383254858 0.38445868416265777
1.8982434160774178 0.1875170532736285
0.48910713855229665 1.8549832125539674
1.803096603856276 1.584601672124698
0.29366161643193167 1.7912761848365613
1.113191291348715 1.0517453539986996
0.4605171253576106 0.2128289129372704
1.8855906283173052 0.18245721669070553
0.14848454351912282 1.5841371622375688
1.6067002636747802 1.5817626423833773
0.5682954179437607 0.05863621190970858
0.8718078923548546 0.8137937723853891
0.3119534337382851 0.1631857597158088
1.7584375583380014 0.045715297087694395
0.22686358971060022 1.9436103879737834
1.7063289664246297 1.5212797712761577
1.791434076756877 0.09485124897749064
0.8417496203028649 0.9010771870078953
0.32895752699777087 0.40437776435491724
1.650079181018536 0.284567388345564
0.06433299722508212 1.5192031218885473
1.638984644425405 1.6810143612896689
0.23435359286211987 1.4766470901235138
1.1284655820195109 1.00798821213602
0.17373047790221735 0.047313032860834325
1.5588411021934705 0.23145843117226994
0.02411561080741803 1.6145162185821418
1.7505218714485433 1.7934862370420745
0.9958037342311794 0.6347251551054574
0.9774356891392622 1.1757702204949496
0.09085669048252654 0.0072982603011915725
1.762936396157506 0.16872063736146886
0.1485472239899729 1.9658193157874853
1.600420104583677 1.7950557069641224
1.4074534483234715 0.4916980676051863
0.818961182799024 1.184439222328333
0.028190320989117834 0.1977839177431529
1.9326228464418254 0.25894888762868207
0.39072038956859584 1.6041362027993558
1.70059030541964 1.7768959886802107
1.5242846862669923 1.4853424391998762
1.0868356628532614 1.1359352926863986
0.04144511916635363 0.2934763898964079
1.6052338141799334 0.03339813733110253
0.474817595576928 1.6742856250592706
1.540410303187699 1.7353358327729176
1.902264384639074 1.1907303761960408
1.0394486571266865 0.9202395507769396
0.0775040639445207 0.28173481693182395
1.9391439796535266 0.2420374975270257
0.07145871057124081 1.7671977566274628
1.9912961880939353 1.7860469467590265
1.9613309978789468 1.803630071526236
0.837264781148978 1.1222080131890562
0.14601605970282128 0.2990026939195055
1.5850947936182591 0.4670401296977134
0.029563737401578694 1.8652834617658995
1.9971057195493276 1.6203202279434843
1.014932422655624 1.98389345868895
1.093511787637348 0.8303895104381651
0.22527268716678228 0.3237309682598654
1.6075424585634708 0.04650769906159247
0.3832823419705729 1.84096572678237
1.9415327187244307 1.642319334044647
0.5180561195489568 1.9813777628085862
0.8153018493498705 1.1501102841489155
0.006659021253257902 0.16883164146098273
1.6548048431530444 0.047122620438307006
0.25146769877456854 1.5856893646744559
1.7403897606942256 1.9337196721432324
0.243896230307028 0.5782749944791825
1.090300643539443 1.001623770320369
0.2621478085856591 0.3851578698282315
1.5147716863807645 0.2631908957833831
0.06797279324499322 1.7808075147600968
1.5352897860663597 1.9465354025433739
0.9450041265335956 1.1805523031904273
0.8494496773693496 0.8001393138587652
0.22135772496808265 0.15283858945288442
1.8028060380515805 0.005182670888738028
0.32372314986634976 1.5527001617781397
1.8657256271613478 1.6262067282621442
1.5879730849228808 0.3775341056201704
0.9491378814741626 1.0680595516265217
0.3686216310944209 0.49950253334712147
1.8102029393288448 0.2733976616525483
0.1660707912234191 1.7823120387277207
1.8689094946555338 1.51516386527875
0.4714103139565573 1.462484268332606
0.8666090119804101 0.9207716939442799
0.016311903648011272 0.2435089747868977
1.9951847578860287 0.2917764476683587
0.2873599796666665 1.6640044377570562
1.9009730390224073 1.782104242899369
0.4451530395183536 1.7683759472476581
0.8902821914074752 0.8958534344352965
0.3783455262510643 0.41625902646719193
1.7239008351289473 0.3031488507663181
0.04293592782970962 1.7301972015765357
1.989241532275147 1.5641134026517967
1.0443882424444748 0.22186421255219724
1.0120534077854968 0.9615700293019623
0.15734243295963685 0.07049383180071167
1.6662623046710308 3.545636029730348E-4
0.16900382008538628 1.9767345099862974
1.7132844026816798 1.9975300353439551
0.6355386746711138 0.25480401623995363
0.9915364916535747 0.9440546373681334
0.3703364795094188 0.3311926623077637
1.7206813774211487 0.4876912004718471
0.3227957783794562 1.9392399094888013
1.9723073528803952 1.849099771557888
1.6414814392008616 1.13648604260105
1.0625926447104788 1.0535795876105682
0.27123900922162963 0.2922661991620207
1.9828975973449172 0.23403904969239775
0.44142964322437533 1.5829331409132532
1.6281895761960494 1.7414823376821165
1.571867735634504 1.9010885757928286
1.090388371330095 1.06884196660784
0.2834309146762266 0.40569721115291796
1.5870617394508226 0.09278175021514612
0.11164389543518899 1.6774632534762404
1.7170830153802634 1.596570607712108
1.9300164767474175 0.343674617482165
0.8626120390762786 0.8542024665300867
0.33290988866366905 0.35011276597535734
1.732111490558582 0.12428625532808912
0.26026899049469243 1.9342697231282036
1.7979788621044266 1.596350245052271
0.1010563790193093 1.0443883195383317
0.8113702323518274 1.0383320791592312
0.3713451340308587 0.0029794962478632003
1.8632112949377064 0.16422534073527034
0.014846114891013562 1.58681512548437
1.5540095817653237 1.6841726095440341
0.04669564912862745 1.0543359384548403
0.8126753186569088 0.8737368437575752
0.19919295905370615 0.07469498213971709
1.8066418503662143 0.3354201322911371
0.04523014079627957 1.7937399898614776
1.9814933594294097 1.8993336157456626
0.040200283989856755 1.7379628533221974
1.1983266799272223 0.9251465517603656
0.4417019253313615 0.19380575239175835
1.6570132941487028 0.0021498251540311153
0.08031438930292456 1.7415726691792774
1.892840806947479 1.6547452946966361
1.7708660423147013 0.31556642328378626
1.140378364073977 0.9007687454690385
0.19518761761747605 0.260414247277772
1.888039124771763 0.014020322670665275
0.09919051193881234 1.617083737636786
1.5224322628621263 1.931256765855481
0.9304714864172252 0.8859136696120764
1.1312766226051127 0.8439252602639629
0.4473824566594965 0.20954413533640465
1.50234648075007 0.48150298462420965
0.4231076857186487 1.709706907791442
1.7594373255490074 1.7728256412359114
0.8649033229069116 0.13275955437733877
1.1831415614422194 1.0436038595736368
0.3839667075194076 0.44781539208876453
1.5519113740872619 0.2671491821326815
0.0835209042694035 1.79165499751891
1.9382862892219017 1.924260290138876
0.03234805682486175 1.5303906711106305
0.2075575920929218 0.8009734804312905
1.6988505304522965 0.9161901936484335
0.8389568051855458 0.5922047641401454
1.1298554347267387 1.3859536099705165
0.1568933951252708 1.1661186221742488
1.7710293636725913 1.1324293952030526
0.8126280239126402 0.5049268620919654
1.0204224043642416 1.5234102355997503
0.11594275454202614 1.1027220398679205
1.8344005167940267 1.0283831553959768
0.9256053808555459 0.5278844171462739
0.817122845449928 1.5504404284126267
0.2669398362809876 1.1232303371476293
1.99103737590983 1.0723540328840246
1.1953625272183082 0.6054377714386314
1.1408878096807105 1.5097947563525294
0.10013520217211794 0.8413002038578485
1.8053648217076552 1.1369423319518037
1.0304753048382955 0.40687582182770987
1.0846756428832947 1.6344989586955372
0.3265556159553371 0.8766144816957184
1.8389466201799454 1.1073839569198785
0.8508156436090415 0.34306064604117437
1.1715137695625755 1.5291531133120664
0.24039756158382086 0.8337460219422973
1.7227972337694437 1.1924516375693004
1.0394104799201225 0.6704012818880221
1.044596100259674 1.4795756158310833
0.3201171616838492 0.8066319816156009
1.9812804744626427 1.014482158878054
0.8650281612127522 0.5837191307827938
1.1534986538506968 1.4173542918231041
0.35727878618124775 1.1602209316882435
1.7216576185294026 1.0550921046853154
0.9145549760933732 0.4995673689102239
1.000575779791168 1.5658673639594343
0.3022249883015201 1.0408552955537516
1.6033474789273392 0.9331445191011924
1.0742240992702217 0.4315670965559465
1.011599593298841 1.6943364551929487
0.3156302814711317 0.966951702980851
1.6009607898285427 1.091529087665043
0.998759724865595 0.6593224450190511
1.1947050710647147 1.606474543632962
0.2150010873631224 0.9515415959456315
1.9751715751209271 0.9693182808130594
0.9074986326653199 0.5924774103751274
1.0517032684931198 1.5902909696932173
0.2051845682900691 0.9082347997308762
1.9654879358080444 0.835861957350092
1.0465518029058356 0.6314766901300009
0.9058252640130076 1.6556162472727713
0.08194873677245247 0.9921683748208354
1.6189847225236387 0.9633830045968417
1.0560686311243157 0.32659321156653026
0.9099592169555004 1.685909056710402
0.1976963260075657 0.8275033109888861
1.8690605966301137 1.1146363430341624
0.9816661232338941 0.6367846546467613
0.8994430998363533 1.530908066964188
0.3783749362565421 1.0730316264656343
1.6782821040695002 1.022194024107449
0.9690856372505783 0.5899416791334272
1.153475619688372 1.3666908246859708
0.2806460392223038 0.8774562815930554
1.959377029997749 1.0359187698744738
1.1811397038257627 0.3460902034965803
1.0292077849743073 1.5497025155946595
0.3783752034441627 0.8759064668719994
1.6884397984418513 1.0151884119585135
1.1760113340586154 0.365110287317034
0.9325776178241131 1.6913168626401751
0.06750613172257346 1.0792506837493514
1.7244111760699128 0.842433939098233
0.8859684033666622 0.4805341167442413
1.1899505783956772 1.5794917964887591
0.2783809898288281 1.1077702763998398
1.9488949578869532 0.8345534051201415
1.0355555586318628 0.380985594056346
1.0846280967947852 1.4740823386551487
0.08456953108645462 1.1207557464220452
1.8403740578593284 0.8287643917239271
0.9383261509737657 0.3008240577021191
1.022286830017376 1.402373174860027
0.09726950501980763 1.0935883924745469
1.8968884766445195 0.8194574060564715
0.9111767635565604 0.42155452360392465
0.8894110125277563 1.5813935526533527
0.3343408278345238 0.9938698898938235
1.8212377333419658 0.9226127554730065
1.0453466907502331 0.3855671082118785
0.9687805328369982 1.3935767812064161
0.35303608935206277 0.9081621645652113
1.8827701648963358 0.9443434076111993
0.9731450364003073 0.4237680568708997
1.0760771553591288 1.6423270537399575
0.3354898473409187 1.0709001075431959
1.969821694970083 1.130126375196398
0.9694678083880034 0.49866479063154073
0.8816713798384268 1.314055956917934
0.316029119953948 1.0470396843679017
1.7468664371736584 0.9712849638305859
0.8271675610062392 0.36446763050464365
0.8816524976963485 1.3732511939591747
0.039367810336462396 1.0200038574240693
1.8304418089760264 1.0452846158983715
1.0453380845228286 0.3457705854686187
1.1821642988483754 1.4171400854720666
0.03874729828083057 1.0364888901905438
1.9979104764803821 0.9664046441390777
0.9695766189504929 0.3363737768026569
0.9611089495962941 1.5165102346936001
0.22308590020968155 0.9596934666277274
1.7431217497633011 1.0233485015915238
1.023286124177599 0.6198099357186216
1.1712815160078183 1.6692499360390762
0.3621995724343705 1.182533209452179
1.7930349128749865 1.1803549917291583
1.069080080499006 0.613137490240518
1.1489976802111581 1.3931708775565763
0.159156412939419 1.052402997763262
1.699366914483758 0.8183729492630755
1.0393523069974469 0.535562800493807
1.0922771031548222 1.6846754569122946
0.2988274707500414 0.8590497124745053
1.9193270075705706 1.0928619653038116
0.8750743761229616 0.30345394212440546
0.8726449365567714 1.6698314194531394
0.36169634362766323 0.9371176997459828
1.699500826741586 1.0847814757629684
0.9118830076126764 0.45330864767358736
0.9446140240199432 1.574416164794795
0.3919899986447379 1.134929762664548
1.7769463097704188 1.0213309327169342
1.1525200171182126 0.39423877284607267
0.8169102910580379 1.3394932963712005
0.20919350201979184 0.8010658372577765
1.811564109890386 1.143003380593988
1.1646873367934722 0.5915339600823967
1.0495037120167394 1.5090839243064107
0.25201094077215985 1.1403021422268251
1.7638048547844396 0.8935150824012473
0.8433795371787038 0.5828668395507549
0.8405075175470323 1.5164951500134127
0.24383515403199918 1.0904731164363726
1.731775883891943 0.8091735089120461
1.176756394455686 0.4287023177798952
0.9670080633983471 1.395868305465742
0.0687887920033921 1.1718187279108219
1.6618098348811368 1.184246422456947
1.0546180307575936 0.4984735294866005
1.143887812591703 1.4455094262104222
0.14739910881963522 1.0603796084458494
1.646557690044827 0.8888943831401266
1.0585450076956144 0.594086832946093
0.9647040454556768 1.6695644088785477
0.3009690877547965 1.1370025946042457
1.6246687518158074 1.0162292034883176
0.8727660945009758 0.31231846320192524
0.8886856631586333 1.3246014663724825
0.19370732589226367 1.1635190785411829
1.7961199286816618 0.9350609624761086
1.054815938952603 0.6476652383648493
1.0379107260421345 1.3976632271778715
0.14167924989227446 0.9376586987639113
1.9672571136198476 0.8248958992987612
0.8050453595088385 0.5372118528309577
0.8687271072901237 1.3423511009201288
0.3776420571765991 1.078260932223324
1.7396107770525029 0.8697478544607571
1.0740466566866806 0.5490773583046139
0.8814788168120692 1.4995044086054468
0.1608259929153827 0.9923469956528723
1.956548630947677 0.9873256530570416
0.8470564445500182 0.41600316678090465
0.8326005397874353 1.5290366701881073
0.220724431640125 1.1756145966906433
1.9218276082559569 1.0701589815861174
0.9443985583026272 0.4156451733928995
1.0131427391136403 1.6794916581727297
0.1239551622713167 1.097918082771001
1.8041078325150173 1.0152252276777631
0.9770294703020652 0.6991324912307599
0.8577900301176438 1.421881678438583
0.2532555867835197 0.8252964001716132
1.7414909320796625 1.1186398191733686
1.1962487317472115 0.3694552976903179
0.848435149951231 1.6743705469236767
0.18767408526503193 1.0301113963011048
1.6601453112250095 1.1119724872381753
1.0766370183869645 0.6112442457151481
0.976371113801082 1.3443638336243522
0.17302027249608518 0.940858993842218
1.9210808130466517 1.0167520882910819
0.9712841455110064 0.6735040259164892
1.1271640204046052 1.4145688216864662
0.07163646734805736 1.0832157549345576
1.8091353357415032 1.0937223230045656
0.8783696573922314 0.4068634763106229
0.8522690721805346 1.4995866427752929
0.2805529719776622 0.9638832120199591
1.7782358103710747 1.063410984180149
0.8581584369080193 0.3569048405592318
0.8914521860385375 1.4995992600176504
0.007089711596479864 1.1487926176450074
1.8669960867897202 0.874575140297301
0.9394738898460053 0.5151346101953603
0.9100797929593815 1.4777135004231823
0.3909665188654059 0.8872325047449061
1.998714353396554 0.9970848477981871
0.854711122799434 0.529158447412373
0.815339360362221 1.3875249958329245
0.06198484317226552 0.9334616411578821
1.9798322887064128 1.1158077780445295
0.8424526780984473 0.6736227341671264
1.11545298203081 1.5774642372823204
0.022343183743331132 0.9173697967164174
1.9109187581531895 1.0020574026729383
0.8567493430300583 0.5834852531154467
1.0859467275675085 1.4984873723489356
0.04264881525050055 1.1157488798424011
1.8242403882313603 1.0391670249373162
0.8221284149989927 0.4511773762578915
0.8070380574038737 1.341674257335952
0.06068831646136422 0.9757369126564426
1.861981554227442 1.178752446796071
1.0733921037949237 0.6892204486080518
0.8362039923564668 1.4322962299489228
0.17201938416718263 0.841997386627278
1.6091762656390396 0.8042255027083307
1.0192683900334059 0.5598587338206804
0.9799923824996897 1.5069160815343134
0.10144643995577073 1.0391964469098847
1.6954144765925243 0.8781210800236554
0.9689770000744077 0.3732714690209853
0.92913888387801 1.3000827750035748
0.3444425090840785 0.9613404086552146
1.6793853560209528 1.0498001817747555
0.9607728373473726 0.35592650008050086
0.8210520861770509 1.5671834202938353
0.06757989987908881 0.9195361756296886
1.9303198690795642 0.9000913745961125
0.9315295035646194 0.5906380535215746
1.0937292657654583 1.5700148955366489
0.1570321718625205 1.1997369720401574
1.7203953803941676 0.9994333116884621
1.0664253540601412 0.5298910894737922
1.095165383060718 1.5516377956591167
0.3042099120872593 0.8820359370408482
1.8421646037976669 1.156080622888088
0.8677946104670178 0.6839947412004286
0.8123176466389959 1.6270750101620917
0.3175927631775214 1.0730700732842735
1.765071492920978 0.9309358826225118
1.1822059421879505 0.38562741972870074
0.9836883435084428 1.4164175909381558
0.3498202493827635 0.9030970423682075
1.8451165314040374 1.1955699984754766
1.1248311739825807 0.4323359073077412
0.9595882490253379 1.6469003519449927
0.029103930564077854 1.1393073074814049
1.6017339485478126 0.8099935851114265
1.1401664685412256 0.30855118810130727
0.9741432413667109 1.4505096440398937
0.1840232963126355 1.1669341488827185
1.9759433638765 0.9967418242346937
1.1381685907047463 0.5886832712938032
1.193106556228335 1.5836858809014704
0.15076796290147124 1.1897240078128117
1.9838383059645497 0.8878352710254619
1.144868664785056 0.42285765070850084
0.8015392738791768 1.495683333850119
0.1518886895783021 0.8013296814928865
1.8794741596616495 1.0211792060753835
0.8065260346262177 0.5068559094362779
0.895421358012141 1.4721495539363532
0.3356196368297569 1.1791888933549663
1.8412180675365792 0.8629638949172578
0.9863845991176197 0.4378228483330887
1.0412559547512485 1.580487138784113
0.16483444570958625 1.0524506985732764
1.6956231876812222 0.9326283213890882
1.1930942238584779 0.6573027869554023
1.0677293040376432 1.6435601578546835
0.3446985876833207 1.095512228179636
1.692889896280524 1.006949974483884
1.0798596940723595 0.4831674247325202
0.9534888495650448 1.3683077718241605
0.3780805312993911 1.0987283063382098
1.6479763937140972 1.1798230433290315
1.1533796634395925 0.6319978006764149
0.9751019620719181 1.4558276726644879
0.13778416619848333 1.1678564291613738
1.8614212578917764 1.0542875850454427
1.131638198056707 0.3334828794989168
1.1792579009039974 1.4194916864059022
0.3446650218304438 1.1037995472548425
1.733940329083019 0.8433722138453997
0.8896113254872902 0.4383972458124784
0.9432753660695562 1.537656096625472
